1.180574789765810692e+03
8.743581626332231735e+02
8.223165077083152710e+02
7.984618179443348254e+02
7.848947788088404423e+02
7.762495037314873798e+02
7.703627279096822349e+02
7.661915734953720403e+02
7.631619042253159932e+02
7.609249181871927021e+02
7.592536372828064941e+02
7.579934126552547013e+02
7.570356257719034829e+02
7.563024153449330242e+02
7.557371721071071988e+02
7.552983145949929167e+02
7.549550624431786900e+02
7.546844907637012057e+02
7.544694385835215371e+02
7.542970031540177160e+02
7.541574447609184517e+02
7.540433837636311409e+02
7.539492082007881208e+02
7.538706345462471745e+02
7.538043806774599034e+02
7.537479215444392366e+02
7.536993060791078278e+02
7.536570196306935259e+02
7.536198803559610724e+02
7.535869610042864224e+02
7.535575297418163245e+02
7.535310052800665517e+02
7.535069227731676165e+02
7.534849078366441972e+02
7.534646567023729631e+02
7.534459210178044941e+02
7.534284961666062372e+02
7.534122122643789226e+02
7.533969271904917377e+02
7.533825211731405034e+02
7.533688925619426300e+02
7.533559545109551436e+02
7.533436323615829906e+02
7.533318615653417964e+02
7.533205860244805763e+02
7.533097567573699962e+02
7.532993308173753348e+02
7.532892704105696566e+02
7.532795421702827525e+02
7.532701165560159779e+02
7.532609673516097928e+02
7.532520712432140044e+02
7.532434074617427768e+02
7.532349574779296972e+02
7.532267047405875928e+02
7.532186344505205398e+02
7.532107333642438789e+02
7.532029896226648589e+02
7.531953926009057341e+02
7.531879327760958631e+02
7.531806016105903154e+02
7.531733914484475463e+02
7.531662954234807330e+02
7.531593073772870639e+02
7.531524217861011721e+02
7.531456336953580148e+02
7.531389386610871952e+02
7.531323326973415533e+02
7.531258122289947323e+02
7.531193740492934694e+02
7.531130152817015642e+02
7.531067333455495145e+02
7.531005259250802055e+02
7.530943909415833559e+02
7.530883265282964203e+02
7.530823310077411179e+02
7.530764028713317657e+02
7.530705407609895019e+02
7.530647434525608332e+02
7.530590098408848689e+02
7.530533389263357549e+02
7.530477298027025199e+02
7.530421816462951483e+02
7.530366937061304498e+02
7.530312652950967731e+02
7.530258957820431078e+02
7.530205845846604689e+02
7.530153311630917869e+02
7.530101350142178944e+02
7.530049956665544642e+02
7.529999126756588339e+02
7.529948856200617229e+02
7.529899140976307308e+02
7.529849977223321957e+02
7.529801361213627615e+02
7.529753289326179129e+02
7.529705758024489342e+02
7.529658763836780508e+02
7.529612303338840320e+02
7.529566373138666222e+02
7.529520969863672235e+02
7.529476090148879166e+02
7.529431730627467232e+02
7.529387887922276832e+02
7.529344558638772469e+02
7.529301739359202656e+02
7.529259426637589740e+02
7.529217616995950948e+02
7.529176306921053765e+02
7.529135492862075125e+02
7.529095171228958634e+02
7.529055338391079886e+02
7.529015990676776937e+02
7.528977124373008110e+02
7.528938735725762399e+02
7.528900820940472158e+02
7.528863376182727052e+02
7.528826397579766763e+02
7.528789881221509859e+02
7.528753823162086292e+02
7.528718219421754156e+02
7.528683065988532235e+02
7.528648358820146314e+02
7.528614093846089190e+02
7.528580266969721606e+02
7.528546874070398189e+02
7.528513911005597947e+02
7.528481373613220740e+02
7.528449257713691622e+02
7.528417559112260733e+02
7.528386273601096264e+02
7.528355396961569568e+02
7.528324924966324261e+02
7.528294853381522671e+02
7.528265177968758053e+02
7.528235894487194173e+02
7.528206998695607126e+02
7.528178486354216830e+02
7.528150353226674270e+02
7.528122595081806594e+02
7.528095207695484987e+02
7.528068186852354984e+02
7.528041528347413305e+02
7.528015227987673370e+02
7.527989281593702344e+02
7.527963685001055865e+02
7.527938434061779844e+02
7.527913524645703092e+02
7.527888952641800415e+02
7.527864713959363598e+02
7.527840804529255365e+02
7.527817220304954162e+02
7.527793957263685343e+02
7.527771011407438664e+02
7.527748378763922119e+02
7.527726055387378210e+02
7.527704037359566200e+02
7.527682320790480617e+02
7.527660901819130004e+02
7.527639776614286120e+02
7.527618941374984161e+02
7.527598392331361765e+02
7.527578125745023954e+02
7.527558137909786637e+02
7.527538425151850561e+02
7.527518983830523212e+02
7.527499810338545103e+02
7.527480901102416055e+02
7.527462252582699875e+02
7.527443861274413166e+02
7.527425723707322049e+02
7.527407836445929661e+02
7.527390196090086647e+02
7.527372799274684212e+02
7.527355642670223688e+02
7.527338722982656236e+02
7.527322036953692077e+02
7.527305581360586757e+02
7.527289353016524274e+02
7.527273348770343091e+02
7.527257565506664605e+02
7.527242000146002283e+02
7.527226649644358076e+02
7.527211510993632828e+02
7.527196581221082852e+02
7.527181857389664401e+02
7.527167336597516396e+02
7.527153015978109352e+02
7.527138892700123733e+02
7.527124963967031590e+02
7.527111227017278452e+02
7.527097679123749003e+02
7.527084317593870537e+02
7.527071139769276442e+02
7.527058143025627714e+02
7.527045324772358299e+02
7.527032682452551171e+02
7.527020213542521105e+02
7.527007915551755559e+02
7.526995786022566790e+02
7.526983822529830377e+02
7.526972022680794225e+02
7.526960384114687486e+02
7.526948904502581854e+02
7.526937581547010723e+02
7.526926412981752037e+02
7.526915396571431529e+02
7.526904530111424947e+02
7.526893811427368064e+02
7.526883238374896337e+02
7.526872808839510753e+02
7.526862520736049191e+02
7.526852372008509064e+02
7.526842360629641462e+02
7.526832484600888620e+02
7.526822741951682474e+02
7.526813130739531061e+02
7.526803649049388696e+02
7.526794294993552512e+02
7.526785066711308900e+02
7.526775962368490127e+02
7.526766980157342459e+02
7.526758118296133944e+02
7.526749375028823579e+02
7.526740748624802109e+02
7.526732237378417949e+02
7.526723839609102242e+02
7.526715553660374098e+02
7.526707377900277152e+02
7.526699310720531457e+02
7.526691350536424352e+02
7.526683495786645608e+02
7.526675744932590533e+02
7.526668096458571426e+02
7.526660548871154788e+02
7.526653100698952130e+02
7.526645750492436946e+02
7.526638496823485411e+02
7.526631338285277479e+02
7.526624273491753456e+02
7.526617301077665161e+02
7.526610419698062060e+02
7.526603628027899049e+02
7.526596924762136496e+02
7.526590308615241156e+02
7.526583778320845113e+02
7.526577332631542276e+02
7.526570970318700802e+02
7.526564690172214114e+02
7.526558491000007507e+02
7.526552371628069977e+02
7.526546330899939221e+02
7.526540367676784626e+02
7.526534480836772900e+02
7.526528669275000993e+02
7.526522931903409699e+02
7.526517267650206122e+02
7.526511675459854587e+02
7.526506154292884503e+02
7.526500703125475411e+02
7.526495320949300094e+02
7.526490006771226717e+02
7.526484759613432516e+02
7.526479578512702346e+02
7.526474462520486668e+02
7.526469410702654841e+02
7.526464422139188173e+02
7.526459495924168550e+02
7.526454631165310047e+02
7.526449826983930507e+02
7.526445082514597971e+02
7.526440396905255739e+02
7.526435769316569804e+02
7.526431198922111889e+02
7.526426684907880826e+02
7.526422226472413968e+02
7.526417822826255133e+02
7.526413473192097854e+02
7.526409176804334038e+02
7.526404932909118770e+02
7.526400740763883732e+02
7.526396599637560030e+02
7.526392508810025674e+02
7.526388467572174932e+02
7.526384475225680717e+02
7.526380531082751304e+02
7.526376634466162159e+02
7.526372784708876225e+02
7.526368981153959794e+02
7.526365223154559772e+02
7.526361510073558065e+02
7.526357841283505650e+02
7.526354216166502056e+02
7.526350634113967999e+02
7.526347094526629462e+02
7.526343596814158445e+02
7.526340140395271874e+02
7.526336724697486034e+02
7.526333349156926715e+02
7.526330013218262138e+02
7.526326716334575622e+02
7.526323457967234845e+02
7.526320237585698578e+02
7.526317054667372304e+02
7.526313908697716215e+02
7.526310799169848451e+02
7.526307725584533728e+02
7.526304687450054871e+02
7.526301684282097995e+02
7.526298715603657001e+02
7.526295780944921034e+02
7.526292879843034598e+02
7.526290011842253307e+02
7.526287176493553943e+02
7.526284373354664012e+02
7.526281601990017407e+02
7.526278861970473599e+02
7.526276152873382443e+02
7.526273474282423877e+02
7.526270825787444210e+02
7.526268206984466360e+02
7.526265617475504541e+02
7.526263056868614285e+02
7.526260524777486580e+02
7.526258020821815080e+02
7.526255544626764049e+02
7.526253095823199146e+02
7.526250674047344091e+02
7.526248278940953469e+02
7.526245910151036469e+02
7.526243567329768211e+02
7.526241250134642087e+02
7.526238958228065030e+02
7.526236691277515547e+02
7.526234448955351581e+02
7.526232230938767316e+02
7.526230036909717001e+02
7.526227866554881984e+02
7.526225719565492227e+02
7.526223595637417247e+02
7.526221494470825064e+02
7.526219415770469823e+02
7.526217359245333682e+02
7.526215324608681385e+02
7.526213311577870400e+02
7.526211319874653327e+02
7.526209349224587868e+02
7.526207399357361965e+02
7.526205470006548239e+02
7.526203560909710859e+02
7.526201671808031506e+02
7.526199802446711828e+02
7.526197952574339070e+02
7.526196121943437447e+02
7.526194310309939510e+02
7.526192517433385092e+02
7.526190743076766694e+02
7.526188987006470370e+02
7.526187248992313243e+02
7.526185528807442324e+02
7.526183826228100315e+02
7.526182141033935977e+02
7.526180473007716500e+02
7.526178821935258156e+02
7.526177187605526342e+02
7.526175569810395700e+02
7.526173968344853620e+02
7.526172383006720565e+02
7.526170813596680773e+02
7.526169259918415264e+02
7.526167721778119812e+02
7.526166198985031315e+02
7.526164691350951443e+02
7.526163198690267109e+02
7.526161720820205119e+02
7.526160257560387663e+02
7.526158808733129035e+02
7.526157374163043414e+02
7.526155953677441630e+02
7.526154547105943493e+02
7.526153154280530089e+02
7.526151775035668834e+02
7.526150409208003111e+02
7.526149056636570549e+02
7.526147717162573372e+02
7.526146390629554617e+02
7.526145076883088905e+02
7.526143775770927959e+02
7.526142487143017661e+02
7.526141210851342294e+02
7.526139946749910905e+02
7.526138694694881224e+02
7.526137454544119691e+02
7.526136226157764213e+02
7.526135009397677322e+02
7.526133804127765643e+02
7.526132610213735461e+02
7.526131427523021102e+02
7.526130255925060055e+02
7.526129095291047406e+02
7.526127945493809648e+02
7.526126806408024095e+02
7.526125677910066543e+02
7.526124559877965794e+02
7.526123452191388878e+02
7.526122354731728592e+02
7.526121267381813595e+02
7.526120190026219916e+02
7.526119122551041301e+02
7.526118064843851698e+02
7.526117016793776884e+02
7.526115978291460351e+02
7.526114949228989417e+02
7.526113929499881579e+02
7.526112918999060639e+02
7.526111917622922647e+02
7.526110925269202880e+02
7.526109941837006545e+02
7.526108967226799678e+02
7.526108001340375040e+02
7.526107044080692958e+02
7.526106095352200782e+02
7.526105155060536163e+02
7.526104223112466798e+02
7.526103299416189429e+02
7.526102383880937623e+02
7.526101476417237564e+02
7.526100576936727293e+02
7.526099685352260167e+02
7.526098801577784343e+02
7.526097925528371206e+02
7.526097057120250611e+02
7.526096196270648306e+02
7.526095342897963292e+02
7.526094496921567725e+02
7.526093658261971768e+02
7.526092826840632597e+02
7.526092002580046483e+02
7.526091185403702184e+02
7.526090375236121872e+02
7.526089572002639443e+02
7.526088775629791598e+02
7.526087986044868785e+02
7.526087203176135745e+02
7.526086426952781494e+02
7.526085657304917049e+02
7.526084894163506078e+02
7.526084137460384227e+02
7.526083387128272761e+02
7.526082643100721725e+02
7.526081905312169056e+02
7.526081173697809845e+02
7.526080448193675920e+02
7.526079728736687002e+02
7.526079015264411964e+02
7.526078307715273468e+02
7.526077606028497939e+02
7.526076910143974601e+02
7.526076220002396440e+02
7.526075535545253388e+02
7.526074856714601538e+02
7.526074183453387150e+02
7.526073515705152204e+02
7.526072853414150359e+02
7.526072196525393565e+02
7.526071544984451975e+02
7.526070898737634707e+02
7.526070257731867059e+02
7.526069621914811023e+02
7.526068991234720897e+02
7.526068365640417142e+02
7.526067745081363682e+02
7.526067129507721347e+02
7.526066518870183017e+02
7.526065913120056621e+02
7.526065312209227613e+02
7.526064716090145339e+02
7.526064124715834396e+02
7.526063538039938976e+02
7.526062956016633052e+02
7.526062378600563534e+02
7.526061805747016251e+02
7.526061237411755656e+02
7.526060673551087348e+02
7.526060114121812603e+02
7.526059559081288626e+02
7.526059008387320546e+02
7.526058461998304665e+02
7.526057919873020410e+02
7.526057381970698543e+02
7.526056848251269003e+02
7.526056318674845897e+02
7.526055793202237965e+02
7.526055271794569990e+02
7.526054754413497676e+02
7.526054241021056441e+02
7.526053731579778514e+02
7.526053226052615628e+02
7.526052724402919694e+02
7.526052226594493959e+02
7.526051732591516839e+02
7.526051242358611262e+02
7.526050755860850359e+02
7.526050273063578970e+02
7.526049793932661487e+02
7.526049318434314728e+02
7.526048846535073835e+02
7.526048378201954847e+02
7.526047913402240965e+02
7.526047452103726982e+02
7.526046994274387316e+02
7.526046539882727302e+02
7.526046088897478512e+02
7.526045641287785202e+02
7.526045197023212268e+02
7.526044756073441704e+02
7.526044318408705749e+02
7.526043883999446962e+02
7.526043452816541048e+02
7.526043024831092225e+02
7.526042600014518484e+02
7.526042178338648228e+02
7.526041759775539504e+02
7.526041344297510705e+02
7.526040931877330422e+02
7.526040522487961653e+02
7.526040116102691400e+02
7.526039712695052231e+02
7.526039312238905268e+02
7.526038914708470884e+02
7.526038520078052443e+02
7.526038128322416014e+02
7.526037739416502745e+02
7.526037353335574380e+02
7.526036970055099573e+02
7.526036589550841427e+02
7.526036211798826798e+02
7.526035836775407688e+02
7.526035464456938371e+02
7.526035094820402946e+02
7.526034727842697976e+02
7.526034363501137250e+02
7.526034001773168711e+02
7.526033642636634795e+02
7.526033286069405221e+02
7.526032932049757846e+02
7.526032580556116045e+02
7.526032231567141935e+02
7.526031885061676121e+02
7.526031541018854796e+02
7.526031199417972175e+02
7.526030860238622608e+02
7.526030523460499353e+02
7.526030189063501439e+02
7.526029857027932621e+02
7.526029527334027307e+02
7.526029199962323446e+02
7.526028874893706870e+02
7.526028552109090697e+02
7.526028231589559709e+02
7.526027913316503373e+02
7.526027597271454397e+02
7.526027283436125117e+02
7.526026971792445011e+02
7.526026662322458378e+02
7.526026355008441442e+02
7.526026049832832996e+02
7.526025746778215080e+02
7.526025445827447129e+02
7.526025146963474981e+02
7.526024850169370666e+02
7.526024555428474514e+02
7.526024262724250775e+02
7.526023972040337640e+02
7.526023683360521090e+02
7.526023396668692840e+02
7.526023111949006079e+02
7.526022829185703813e+02
7.526022548363246187e+02
7.526022269466121770e+02
7.526021992479105620e+02
7.526021717387042145e+02
7.526021444174946282e+02
7.526021172827960299e+02
7.526020903331386762e+02
7.526020635670665797e+02
7.526020369831411472e+02
7.526020105799283328e+02
7.526019843560166009e+02
7.526019583100087402e+02
7.526019324405107227e+02
7.526019067461502345e+02
7.526018812255690591e+02
7.526018558774094345e+02
7.526018307003444079e+02
7.526018056930488456e+02
7.526017808542101193e+02
7.526017561825331086e+02
7.526017316767315606e+02
7.526017073355213824e+02
7.526016831576516779e+02
7.526016591418674579e+02
7.526016352869307866e+02
7.526016115916122544e+02
7.526015880546946164e+02
7.526015646749751795e+02
7.526015414512603456e+02
7.526015183823693633e+02
7.526014954671221631e+02
7.526014727043632320e+02
7.526014500929441056e+02
7.526014276317189342e+02
7.526014053195593760e+02
7.526013831553468663e+02
7.526013611379754593e+02
7.526013392663392096e+02
7.526013175393511574e+02
7.526012959559288902e+02
7.526012745150079581e+02
7.526012532155231156e+02
7.526012320564282163e+02
7.526012110366793877e+02
7.526011901552403742e+02
7.526011694110922008e+02
7.526011488032249872e+02
7.526011283306244195e+02
7.526011079923007401e+02
7.526010877872621450e+02
7.526010677145326326e+02
7.526010477731442734e+02
7.526010279621303880e+02
7.526010082805433967e+02
7.526009887274371977e+02
7.526009693018694406e+02
7.526009500029175570e+02
7.526009308296576137e+02
7.526009117811805709e+02
7.526008928565817087e+02
7.526008740549643790e+02
7.526008553754343211e+02
7.526008368171150096e+02
7.526008183791341253e+02
7.526008000606242376e+02
7.526007818607212130e+02
7.526007637785821771e+02
7.526007458133526598e+02
7.526007279642038839e+02
7.526007102303085503e+02
7.526006926108283324e+02
7.526006751049620789e+02
7.526006577118978385e+02
7.526006404308252513e+02
7.526006232609563540e+02
7.526006062015048883e+02
7.526005892516759559e+02
7.526005724107054675e+02
7.526005556778226264e+02
7.526005390522587959e+02
7.526005225332596638e+02
7.526005061200786486e+02
7.526004898119700783e+02
7.526004736081901001e+02
7.526004575080139603e+02
7.526004415107119030e+02
7.526004256155654275e+02
7.526004098218626268e+02
7.526003941288892065e+02
7.526003785359455378e+02
7.526003630423414279e+02
7.526003476473769069e+02
7.526003323503724687e+02
7.526003171506425815e+02
7.526003020475167204e+02
7.526002870403276575e+02
7.526002721284081645e+02
7.526002573111015863e+02
7.526002425877549058e+02
7.526002279577223817e+02
7.526002134203589549e+02
7.526001989750283201e+02
7.526001846210975827e+02
7.526001703579389641e+02
7.526001561849348036e+02
7.526001421014636890e+02
7.526001281069097786e+02
7.526001142006725786e+02
7.526001003821457971e+02
7.526000866507333740e+02
7.526000730058444788e+02
7.526000594468792997e+02
7.526000459732651962e+02
7.526000325844172494e+02
7.526000192797622503e+02
7.526000060587311964e+02
7.525999929207563355e+02
7.525999798652748041e+02
7.525999668917310146e+02
7.525999539995713121e+02
7.525999411882494314e+02
7.525999284572176293e+02
7.525999158059364618e+02
7.525999032338706911e+02
7.525998907404929241e+02
7.525998783252630346e+02
7.525998659876720467e+02
7.525998537271875648e+02
7.525998415433014088e+02
7.525998294355015332e+02
7.525998174032774841e+02
7.525998054461213087e+02
7.525997935635381282e+02
7.525997817550339732e+02
7.525997700201107818e+02
7.525997583582776542e+02
7.525997467690539224e+02
7.525997352519565311e+02
7.525997238065067449e+02
7.525997124322323089e+02
7.525997011286611951e+02
7.525996898953247864e+02
7.525996787317573080e+02
7.525996676375035577e+02
7.525996566121026490e+02
7.525996456551013125e+02
7.525996347660458241e+02
7.525996239444993989e+02
7.525996131900133150e+02
7.525996025021401010e+02
7.525995918804511575e+02
7.525995813245093586e+02
7.525995708338838313e+02
7.525995604081525698e+02
7.525995500468835644e+02
7.525995397496592432e+02
7.525995295160598744e+02
7.525995193456728884e+02
7.525995092380817368e+02
7.525994991928787385e+02
7.525994892096623516e+02
7.525994792880270552e+02
7.525994694275694883e+02
7.525994596278934523e+02
7.525994498886077508e+02
7.525994402093142526e+02
7.525994305896305150e+02
7.525994210291692070e+02
7.525994115275398144e+02
7.525994020843777434e+02
7.525993926992935030e+02
7.525993833719074928e+02
7.525993741018590981e+02
7.525993648887725840e+02
7.525993557322808556e+02
7.525993466320220477e+02
7.525993375876329310e+02
7.525993285987518675e+02
7.525993196650216532e+02
7.525993107860957707e+02
7.525993019616183801e+02
7.525992931912342101e+02
7.525992844746034507e+02
7.525992758113804939e+02
7.525992672012251887e+02
7.525992586437918135e+02
7.525992501387522680e+02
7.525992416857603757e+02
7.525992332844931525e+02
7.525992249346214749e+02
7.525992166358072382e+02
7.525992083877373489e+02
7.525992001900774540e+02
7.525991920425167336e+02
7.525991839447278835e+02
7.525991758964009932e+02
7.525991678972206955e+02
7.525991599468735558e+02
7.525991520450411372e+02
7.525991441914312645e+02
7.525991363857322085e+02
7.525991286276374694e+02
7.525991209168464593e+02
7.525991132530625691e+02
7.525991056359874847e+02
7.525990980653187989e+02
7.525990905407752507e+02
7.525990830620598899e+02
7.525990756288808825e+02
7.525990682409534429e+02
7.525990608979934677e+02
7.525990535997182178e+02
7.525990463458442719e+02
7.525990391360904823e+02
7.525990319701841145e+02
7.525990248478436797e+02
7.525990177687980349e+02
7.525990107327818350e+02
7.525990037395150694e+02
7.525989967887303465e+02
7.525989898801690288e+02
7.525989830135565626e+02
7.525989761886365841e+02
7.525989694051459082e+02
7.525989626628218048e+02
7.525989559614146174e+02
7.525989493006644580e+02
7.525989426803151900e+02
7.525989361001159068e+02
7.525989295598183162e+02
7.525989230591685555e+02
7.525989165979210611e+02
7.525989101758366360e+02
7.525989037926585752e+02
7.525988974481506375e+02
7.525988911420782870e+02
7.525988848741861830e+02
7.525988786442555920e+02
7.525988724520391315e+02
7.525988662973069268e+02
7.525988601798192121e+02
7.525988540993486140e+02
7.525988480556703735e+02
7.525988420485463166e+02
7.525988360777568005e+02
7.525988301430789988e+02
7.525988242442776937e+02
7.525988183811384715e+02
7.525988125534390747e+02
7.525988067609595191e+02
7.525988010034832314e+02
7.525987952807921602e+02
7.525987895926722331e+02
7.525987839389098326e+02
7.525987783192874758e+02
7.525987727336067792e+02
7.525987671816427564e+02
7.525987616631967967e+02
7.525987561780577835e+02
7.525987507260217626e+02
7.525987453068861441e+02
7.525987399204473149e+02
7.525987345665006387e+02
7.525987292448501194e+02
7.525987239552935080e+02
7.525987186976376506e+02
7.525987134716814353e+02
7.525987082772314807e+02
7.525987031140950876e+02
7.525986979820746683e+02
7.525986928809902565e+02
7.525986878106389213e+02
7.525986827708361488e+02
7.525986777613996992e+02
7.525986727821369868e+02
7.525986678328689550e+02
7.525986629134034729e+02
7.525986580235635302e+02
7.525986531631642720e+02
7.525986483320244815e+02
7.525986435299732875e+02
7.525986387568242435e+02
7.525986340124002254e+02
7.525986292965286566e+02
7.525986246090374152e+02
7.525986199497434654e+02
7.525986153184828709e+02
7.525986107150789621e+02
7.525986061393671207e+02
7.525986015911762479e+02
7.525985970703324028e+02
7.525985925766725586e+02
7.525985881100335746e+02
7.525985836702445795e+02
7.525985792571514139e+02
7.525985748705792275e+02
7.525985705103727241e+02
7.525985661763719463e+02
7.525985618684107976e+02
7.525985575863387567e+02
7.525985533299925692e+02
7.525985490992225095e+02
7.525985448938661193e+02
7.525985407137612810e+02
7.525985365587698652e+02
7.525985324287314597e+02
7.525985283234970211e+02
7.525985242429103437e+02
7.525985201868264767e+02
7.525985161550921703e+02
7.525985121475637243e+02
7.525985081640931185e+02
7.525985042045339242e+02
7.525985002687377801e+02
7.525984963565633734e+02
7.525984924678654124e+02
7.525984886025028118e+02
7.525984847603363050e+02
7.525984809412184404e+02
7.525984771450163180e+02
7.525984733715868060e+02
7.525984696207934803e+02
7.525984658924934365e+02
7.525984621865610507e+02
7.525984585028566016e+02
7.525984548412401409e+02
7.525984512015813834e+02
7.525984475837467471e+02
7.525984439876066290e+02
7.525984404130283565e+02
7.525984368598792571e+02
7.525984333280321152e+02
7.525984298173596017e+02
7.525984263277256332e+02
7.525984228590114071e+02
7.525984194110851604e+02
7.525984159838277492e+02
7.525984125771014988e+02
7.525984091908001119e+02
7.525984058247855728e+02
7.525984024789390787e+02
7.525983991531405763e+02
7.525983958472723998e+02
7.525983925612063103e+02
7.525983892948285074e+02
7.525983860480130261e+02
7.525983828206520911e+02
7.525983796126228071e+02
7.525983764238055755e+02
7.525983732540856863e+02
7.525983701033569560e+02
7.525983669714908046e+02
7.525983638583840047e+02
7.525983607639169577e+02
7.525983576879850716e+02
7.525983546304670426e+02
7.525983515912574831e+02
7.525983485702449798e+02
7.525983455673191429e+02
7.525983425823702646e+02
7.525983396152913656e+02
7.525983366659785361e+02
7.525983337343211588e+02
7.525983308202096396e+02
7.525983279235416603e+02
7.525983250442101280e+02
7.525983221821138613e+02
7.525983193371492916e+02
7.525983165092118270e+02
7.525983136981955113e+02
7.525983109040081445e+02
7.525983081265369492e+02
7.525983053656906350e+02
7.525983026213619951e+02
7.525982998934541683e+02
7.525982971818746137e+02
7.525982944865172612e+02
7.525982918072837720e+02
7.525982891440854701e+02
7.525982864968198101e+02
7.525982838653862927e+02
7.525982812497044279e+02
7.525982786496689414e+02
7.525982760651839953e+02
7.525982734961639835e+02
7.525982709425121584e+02
7.525982684041308630e+02
7.525982658809348322e+02
7.525982633728364135e+02
7.525982608797357898e+02
7.525982584015491739e+02
7.525982559381849342e+02
7.525982534895532581e+02
7.525982510555713816e+02
7.525982486361416477e+02
7.525982462311854988e+02
7.525982438406106212e+02
7.525982414643320908e+02
7.525982391022654383e+02
7.525982367543244891e+02
7.525982344204213632e+02
7.525982321004829600e+02
7.525982297944129868e+02
7.525982275021314081e+02
7.525982252235623946e+02
7.525982229586146559e+02
7.525982207072097481e+02
7.525982184692689998e+02
7.525982162447127166e+02
7.525982140334538144e+02
7.525982118354171462e+02
7.525982096505236996e+02
7.525982074786940075e+02
7.525982053198509902e+02
7.525982031739155218e+02
7.525982010408098404e+02
7.525981989204559568e+02
7.525981968127805430e+02
7.525981947177086795e+02
7.525981926351577158e+02
7.525981905650579620e+02
7.525981885073397279e+02
